((("TRUE" .
   [0 0 0 1])
  ("lightblue" .
   [1 0 0 0 0 0 0 0 0])
  ("print" .
   [1 0 0 0 0])
  ("current" .
   [5 0 0 0 0 0 0])
  ("str" .
   [1 0 0])
  ("compress" .
   [1 0 0 0 0 0 0 0])
  ("puts" .
   [2 0 0 0])
  ("count" .
   [3 0 0 0 0])
  ("else" .
   [2 0 0 0])
  ("unless" .
   [2 0 0 0 0 0])
  ("char" .
   [6 0 0 0])
  ("if" .
   [4 0])
  ("do" .
   [1 0])
  ("nil" .
   [1 0 0])
  ("NIL" .
   [0 0 1])
  ("string" .
   [2 0 0 0 0 0])
  ("def" .
   [2 0 0])
  ("e" .
   [1])
  ("12px" .
   [3 0 0 0])
  ("baseline" .
   [1 0 0 0 0 0 0 0])
  ("middle" .
   [0 1 0 0 0 0])
  ("vertical-align" .
   [0 0 0 0 0 0 0 0 0 1 0 0 0 0])
  ("vertical" .
   [0 0 0 0 1 0 0 0])
  ("xx-small" .
   [1 0 0 0 0 0 0 0])
  ("24px" .
   [1 0 0 0])
  ("18px" .
   [1 0 0 0])
  ("test" .
   [2 0 0 0])
  ("return" .
   [3 0 0 0 0 0])
  ("account_id" .
   [2 0 0 0 0 0 0 0 0 0])
  ("job" .
   [2 0 0])
  (":remote_id" .
   [1 0 0 0 0 0 0 0 0 0])
  ("job_id" .
   [2 0 0 0 0 0])
  ("job_details" .
   [1 0 0 0 0 0 0 0 0 0 0])
  ("call_back_setttings" .
   [0 0 0 0 0 1 0 0 0 0 0 0 0 0 0 0 0 0 0])
  ("concat" .
   [1 0 0 0 0 0])
  ("long" .
   [5 0 0 0])
  ("SpendingLimit" .
   [0 0 0 0 1 1 0 0 1 0 0 0 0])
  ("update" .
   [1 0 0 0 0 0])
  ("CurrentTotal" .
   [0 0 0 0 0 0 0 0 1 0 0 0])
  ("spendinglimit" .
   [1 0 0 0 2 0 0 0 1 0 0 0 0])
  ("currenttotal" .
   [0 0 0 1 0 0 0 1 1 0 0 0])
  ("remaining" .
   [0 0 0 2 0 0 0 0 0])
  ("Object" .
   [1 0 0 0 0 0])
  ("System" .
   [1 0 0 1 0 0])
  ("out" .
   [2 0 0])
  ("println" .
   [1 0 0 0 1 0 0])
  ("int" .
   [6 0 0])
  ("public" .
   [1 0 0 0 0 0])
  ("static" .
   [1 0 0 0 0 0])
  ("String" .
   [2 0 0 0 0 0])
  ("toString" .
   [1 0 0 0 0 0 0 0])
  ("FormatDollars" .
   [1 0 1 0 2 0 0 0 0 0 0 0 0])
  ("re" .
   [1 0])
  ("result" .
   [1 0 0 1 0 0])
  ("get" .
   [3 0 0])
  ("append" .
   [1 0 0 0 0 0])
  ("mue" .
   [2 0 0])
  ("getMessage" .
   [1 0 0 0 0 0 0 0 1 0])
  ("Status" .
   [1 0 0 0 0 0])
  ("private" .
   [1 0 0 0 0 0 0])
  ("msg" .
   [1 0 0])
  ("errorJson" .
   [0 0 0 0 0 0 1 0 0])
  ("nsae" .
   [1 0 0 0])
  ("ioe" .
   [0 0 1])
  ("0" .
   [7])
  ("8px" .
   [1 0 0])
  ("padding-left" .
   [1 0 0 0 0 0 0 0 0 0 0 0])
  ("demo-options" .
   [0 0 0 0 0 0 0 1 1 0 0 0])
  ("margin-left" .
   [1 0 0 0 0 0 0 0 0 0 0])
  ("300px" .
   [0 0 1 0 0])
  ("font-size" .
   [0 0 0 0 0 1 0 0 0])
  ("small" .
   [1 0 0 0 0])
  ("important" .
   [1 0 0 0 1 0 0 0 0])
  ("10px" .
   [2 0 0 0])
  ("dashed" .
   [0 0 0 0 1 0])
  ("margin-right" .
   [1 0 0 0 0 0 0 0 0 0 0 0])
  ("dotted" .
   [0 0 0 1 0 0])
  ("Background" .
   [0 0 0 0 1 0 0 0 0 0])
  ("budget" .
   [3 0 0 0 0 0])
  ("1" .
   [1])
  ("p" .
   [1])
  ("2" .
   [1])
  ("2px" .
   [1 0 0])
  ("red" .
   [2 0 0])
  ("none" .
   [1 0 0 0])
  ("budget-updates" .
   [0 0 0 1 0 0 0 0 0 0 0 0 0 0])
  ("budget-category" .
   [0 0 0 0 0 0 0 0 1 0 0 0 0 0 0])
  ("f1f1f1" .
   [1 0 0 0 0 0])
  ("Rails" .
   [1 0 0 0 0])
  ("info" .
   [1 0 0 0])
  ("tab" .
   [1 0 0])
  ("tool-bar-mode" .
   [0 0 0 0 0 1 0 0 0 0 0 0 0])
  ("This" .
   [2 0 0 0])
  ("is" .
   [2 0])
  ("keyboard" .
   [1 0 0 1 1 0 0 0])
  ("it" .
   [3 0])
  ("Go" .
   [0 1])
  ("not" .
   [2 0 0])
  ("and" .
   [2 0 0])
  ("time" .
   [2 0 0 0])
  ("one-window" .
   [0 0 1 0 0 0 0 0 0 0])
  ("error" .
   [1 0 0 0 0])
  ("the" .
   [3 0 0])
  ("enter" .
   [1 0 0 0 0])
  ("seems" .
   [1 0 0 0 0])
  ("this" .
   [1 0 0 0])
  ("write" .
   [1 0 0 0 0])
  ("some" .
   [1 0 0 0])
  ("code-conversion-map-vector" .
   [0 0 0 0 1 0 0 0 0 0 0 0 0 0 0 0 0 0 0 0 0 0 0 0 0 0])
  ("control" .
   [1 0 0 0 0 0 0])
  ("key" .
   [1 0 0])
  ("map" .
   [1 0 0])
  ("to" .
   [2 0])
  ("will" .
   [1 0 0 0])
  ("more" .
   [1 0 0 0])
  ("used" .
   [1 0 0 0])
  ("goes" .
   [1 0 0 0])
  ("little" .
   [1 0 0 0 0 0])
  ("other" .
   [1 0 0 0 0])
  ("maint" .
   [0 0 0 0 1])
  ("lsh" .
   [0 0 1])
  ("widgets.Desktop" .
   [0 0 0 0 0 0 0 0 0 0 0 1 0 0 0])))
